4294967278,383
60,11
60,10
90,23
90,22
90,21
90,20
90,19
90,18
90,17
90,16
90,15
90,14
90,13
90,12
90,11
90,10
90,9
90,8
90,7
90,6
7,16
7,15
4294967278,382
4294967278,381
4294967278,380
4294967278,379
4294967278,378
4294967278,377
4294967278,376
4294967278,375
4294967278,374
4294967278,373
14,10
14,9
4294967278,372
4294967278,371
4294967279,449
4294967278,370
4294967278,369
4294967279,448
4294967278,368
4294967279,447
4294967278,367
4294967279,446
4294967279,445
4294967279,444
4294967279,443
4294967279,442
4294967278,366
4294967279,441
4294967279,440
4294967279,439
4294967279,438
4294967279,437
4294967279,436
4294967279,435
4294967279,434
4294967279,433
4294967278,365
4294967279,432
4294967279,431
4294967278,364
4294967279,430
4294967279,429
4294967279,428
4294967279,427
4294967279,426
4294967279,425
4294967278,363
4294967279,424
4294967279,423
4294967278,362
4294967279,422
4294967278,361
4294967279,421
4294967279,420
4294967278,360
4294967278,359
4294967278,358
4294967279,419
4294967279,418
4294967279,417
4294967278,357
4294967279,416
4294967279,415
4294967278,356
4294967279,414
4294967279,413
4294967278,355
4294967279,412
4294967279,411
4294967278,354
4294967279,410
4294967279,409
4294967279,408
4294967278,353
4294967279,407
4294967278,352
4294967278,351
4294967279,406
4294967278,350
4294967279,405
4294967278,349
4294967278,348
4294967279,404
4294967278,347
4294967278,346
126,5
126,4
126,3
126,2
126,1
4294967278,345
4294967294,1541
4294967294,1540
4294967294,1464
125,4
125,3
125,2
125,1
4294967278,344
4294967294,1539
124,5
124,4
124,3
124,2
124,1
4294967278,343
123,5
123,4
123,3
123,2
123,1
4294967294,1538
122,7
122,6
122,5
122,4
122,3
122,2
122,1
4294967278,342
121,7
121,6
121,5
121,4
121,3
121,2
121,1
4294967279,403
120,4
120,3
120,2
120,1
4294967294,1537
119,10
119,9
119,8
119,7
119,6
119,5
119,4
119,3
119,2
119,1
4294967294,500
4294967294,1536
118,4
118,3
118,2
118,1
4294967279,402
4294967279,401
117,5
117,4
117,3
117,2
117,1
116,9
116,8
116,7
116,6
116,5
116,4
116,3
116,2
116,1
115,5
115,4
115,3
115,2
115,1
114,7
114,6
114,5
114,4
114,3
114,2
114,1
4294967279,400
113,5
113,4
113,3
113,2
113,1
112,4
112,3
112,2
112,1
4294967294,499
111,5
111,4
111,3
111,2
111,1
4294967279,399
4294967278,341
4294967279,398
4294967294,1471
4294967294,1453
4294967278,340
4294967279,397
110,7
110,6
110,5
110,4
110,3
110,2
110,1
4294967278,339
109,6
109,5
109,4
109,3
109,2
109,1
4294967279,396
4294967294,498
108,5
108,4
108,3
108,2
108,1
4294967278,338
107,6
107,5
107,4
107,3
107,2
107,1
106,6
106,5
106,4
106,3
106,2
106,1
105,5
105,4
105,3
105,2
105,1
4294967294,497
104,5
104,4
104,3
104,2
104,1
4294967278,337
103,5
103,4
103,3
103,2
103,1
4294967279,395
4294967294,1470
102,7
102,6
102,5
102,4
102,3
102,2
102,1
4294967294,1469
101,7
101,6
101,5
101,4
101,3
101,2
101,1
4294967294,1468
100,6
100,5
100,4
100,3
100,2
100,1
99,7
99,6
99,5
99,4
99,3
99,2
99,1
4294967294,1467
98,8
98,7
98,6
98,5
98,4
98,3
98,2
98,1
4294967278,336
4294967294,1018
4294967294,1466
4294967294,1465
97,8
97,7
97,6
97,5
97,4
97,3
97,2
97,1
4294967278,335
4294967294,187
96,6
96,5
96,4
96,3
96,2
96,1
4294967278,334
4294967294,1442
95,5
95,4
95,3
95,2
95,1
4294967279,394
4294967294,1463
4294967294,1462
4294967294,1455
94,5
94,4
94,3
94,2
94,1
4294967278,333
4294967294,496
93,6
93,5
93,4
93,3
93,2
93,1
4294967278,332
92,7
92,6
92,5
92,4
92,3
92,2
92,1
4294967279,393
91,5
91,4
91,3
91,2
91,1
4294967278,331
4294967294,1461
4294967294,1460
90,5
90,4
90,3
90,2
90,1
4294967279,392
89,5
89,4
89,3
89,2
89,1
4294967278,330
88,4
88,3
88,2
88,1
4294967279,391
87,5
87,4
87,3
87,2
87,1
4294967278,329
86,5
86,4
86,3
86,2
86,1
85,6
85,5
85,4
85,3
85,2
85,1
84,5
84,4
84,3
84,2
84,1
4294967294,495
83,5
83,4
83,3
83,2
83,1
4294967294,1459
82,7
82,6
82,5
82,4
82,3
82,2
82,1
4294967294,1458
4294967294,1426
81,5
81,4
81,3
81,2
81,1
4294967278,328
4294967294,494
4294967294,1443
4294967279,390
4294967294,493
80,11
80,10
80,9
80,8
80,7
80,6
80,5
80,4
80,3
80,2
80,1
79,5
79,4
79,3
79,2
79,1
4294967294,1457
4294967294,492
4294967294,491
4294967294,490
4294967294,489
4294967279,389
4294967279,388
4294967278,327
78,5
78,4
78,3
78,2
78,1
4294967278,326
4294967294,1038
77,5
77,4
77,3
77,2
77,1
4294967279,387
76,5
76,4
76,3
76,2
76,1
4294967278,325
4294967294,1456
75,5
75,4
75,3
75,2
75,1
4294967279,386
4294967294,488
74,5
74,4
74,3
74,2
74,1
4294967278,324
73,5
73,4
73,3
73,2
73,1
4294967279,385
4294967294,1438
72,5
72,4
72,3
72,2
72,1
4294967294,1454
71,5
71,4
71,3
71,2
71,1
4294967279,384
70,5
70,4
70,3
70,2
70,1
4294967294,487
69,5
69,4
69,3
69,2
69,1
68,6
68,5
68,4
68,3
68,2
68,1
4294967279,319
67,5
67,4
67,3
67,2
67,1
4294967278,323
66,6
66,5
66,4
66,3
66,2
66,1
4294967294,1434
65,6
65,5
